1 33
2 37
3 66
4 72
5 66
6 94
7 37
8 29
9 35
10 61
11 46
12 56
13 20
14 27
15 32
16 8
17 41
18 66
19 83
20 91
21 71
22 16
23 78
24 78
25 21
26 34
27 97
28 25
29 58
30 72
31 85
32 24
33 69
34 88
35 4
36 56
37 5
38 64
39 75
40 37
41 60
42 10
43 19
44 64
45 90
46 67
47 8
48 34
49 3
50 11
51 36
52 93
53 97
54 69
55 35
56 0
57 49
58 87
59 8
60 18
61 5
62 29
63 13
64 46
65 27
66 28
67 45
68 26
69 17
70 57
71 51
72 81
73 40
74 96
75 62
76 55
77 91
78 3
79 16
80 97
81 20
82 67
83 37
84 83
85 75
86 7
87 12
88 7
89 13
90 56
91 1
92 59
93 69
94 82
95 97
96 23
97 73
98 1
99 67
100 4
101 14
102 90
103 70
104 69
105 21
106 89
107 57
108 53
109 2
110 32
111 11
112 33
113 29
114 47
115 38
116 36
117 1
118 28
119 93
120 65
121 12
122 81
123 31
124 13
125 96
126 5
127 84
128 51
129 12
130 43
131 44
132 1
133 52
134 31
135 95
136 57
137 91
138 11
139 27
140 44
141 32
142 2
143 13
144 18
145 32
146 65
147 95
148 33
149 69
150 74
151 39
152 28
153 75
154 10
155 13
156 48
157 48
158 62
159 12
160 70
161 88
162 27
163 54
164 74
165 92
166 63
167 71
168 65
169 80
170 20
171 59
172 66
173 95
174 76
175 91
176 84
177 1
178 15
179 16
180 80
181 53
182 98
183 46
184 25
185 42
186 32
187 33
188 79
189 93
190 94
191 1
192 11
193 12
194 72
195 91
196 97
197 29
198 15
199 33
200 12
201 62
202 83
203 79
204 79
205 61
206 75
207 49
208 79
209 54
210 8
211 41
212 88
213 4
214 43
215 1
216 68
217 41
218 90
219 42
220 94
221 69
222 13
223 36
224 8
225 14
226 81
227 94
228 82
229 47
230 31
231 62
232 88
233 27
234 45
235 62
236 46
237 37
238 75
239 10
240 42
241 1
242 43
243 42
244 26
245 94
246 90
247 1
248 1
249 44
250 75
251 84
252 58
253 78
254 39
255 8
256 52
257 0
258 64
259 42
260 48
261 47
262 14
263 29
264 55
265 29
266 0
267 96
268 7
269 64
270 55
271 43
272 63
273 3
274 79
275 99
276 36
277 56
278 70
279 77
280 28
281 70
282 17
283 10
284 22
285 79
286 7
287 38
288 42
289 43
290 13
291 13
292 59
293 91
294 61
295 87
296 26
297 48
298 50
299 88
300 35
301 17
302 84
303 7
304 60
305 28
306 85
307 12
308 74
309 77
310 53
311 10
312 73
313 72
314 40
315 26
316 66
317 1
318 46
319 90
320 76
321 83
322 54
323 6
324 0
325 25
326 56
327 96
328 10
329 46
330 25
331 16
332 41
333 0
334 86
335 15
336 39
337 67
338 70
339 78
340 51
341 13
342 93
343 15
344 68
345 10
346 14
347 63
348 75
349 34
350 27
351 95
352 60
353 51
354 0
355 76
356 66
357 69
358 30
359 99
360 5
361 81
362 23
363 71
364 90
365 13
366 48
367 70
368 26
369 58
370 59
371 59
372 7
373 53
374 54
375 85
376 92
377 64
378 40
379 41
380 12
381 60
382 51
383 9
384 35
385 56
386 44
387 85
388 49
389 33
390 64
391 88
392 60
393 14
394 83
395 9
396 25
397 93
398 23
399 93
400 78
401 59
402 2
403 52
404 91
405 52
406 98
407 63
408 63
409 81
410 67
411 12
412 90
413 82
414 46
415 13
416 69
417 54
418 77
419 24
420 46
421 51
422 98
423 13
424 43
425 13
426 66
427 78
428 6
429 90
430 91
431 99
432 15
433 95
434 21
435 73
436 66
437 14
438 86
439 2
440 83
441 71
442 86
443 92
444 96
445 89
446 96
447 71
448 42
449 17
450 15
451 81
452 40
453 87
454 7
455 75
456 42
457 74
458 6
459 18
460 18
461 23
462 99
463 61
464 85
465 86
466 23
467 31
468 20
469 39
470 9
471 1
472 62
473 68
474 21
475 61
476 6
477 60
478 88
479 62
480 38
481 33
482 6
483 44
484 20
485 71
486 16
487 80
488 33
489 16
490 60
491 69
492 12
493 49
494 0
495 46
496 48
497 3
498 37
499 96
500 6
501 40
502 73
503 29
504 70
505 56
506 96
507 67
508 57
509 67
510 50
511 19
512 41
513 81
514 78
515 49
516 77
517 49
518 44
519 64
520 7
521 57
522 37
523 19
524 37
525 38
526 50
527 27
528 44
529 19
530 1
531 50
532 84
533 40
534 23
535 10
536 20
537 69
538 75
539 38
540 57
541 6
542 88
543 73
544 11
545 54
546 31
547 19
548 28
549 52
550 24
551 74
552 42
553 59
554 32
555 0
556 64
557 93
558 36
559 12
560 25
561 79
562 0
563 55
564 96
565 19
566 7
567 55
568 92
569 13
570 22
571 54
572 48
573 86
574 72
575 21
576 4
577 76
578 10
579 84
580 12
581 52
582 4
583 39
584 52
585 46
586 57
587 28
588 77
589 74
590 95
591 48
592 22
593 96
594 51
595 88
596 96
597 85
598 80
599 24
600 82
601 18
602 42
603 83
604 20
605 38
606 23
607 34
608 75
609 67
610 30
611 87
612 81
613 22
614 40
615 30
616 11
617 20
618 72
619 95
620 69
621 46
622 54
623 55
624 97
625 1
626 49
627 86
628 4
629 79
630 23
631 54
632 78
633 26
634 6
635 1
636 13
637 82
638 52
639 5
640 82
641 91
642 31
643 4
644 60
645 33
646 3
647 64
648 93
649 7
650 9
651 37
652 59
653 88
654 87
655 30
656 40
657 8
658 58
659 71
660 59
661 68
662 19
663 81
664 36
665 13
666 22
667 8
668 30
669 79
670 96
671 29
672 99
673 15
674 33
675 16
676 36
677 61
678 78
679 8
680 71
681 32
682 29
683 31
684 8
685 4
686 27
687 21
688 80
689 51
690 14
691 53
692 69
693 20
694 13
695 80
696 71
697 13
698 70
699 65
700 83
701 71
702 99
703 63
704 19
705 88
706 64
707 5
708 26
709 75
710 40
711 55
712 18
713 71
714 54
715 47
716 47
717 98
718 85
719 23
720 98
721 80
722 17
723 59
724 55
725 76
726 21
727 95
728 81
729 56
730 42
731 18
732 1
733 68
734 0
735 42
736 78
737 94
738 52
739 68
740 76
741 41
742 15
743 17
744 76
745 20
746 66
747 38
748 24
749 31
750 95
751 13
752 64
753 63
754 44
755 84
756 12
757 79
758 31
759 52
760 24
761 75
762 42
763 4
764 27
765 66
766 64
767 55
768 37
769 21
770 90
771 25
772 97
773 9
774 4
775 93
776 2
777 42
778 24
779 80
780 4
781 54
782 62
783 42
784 75
785 38
786 41
787 86
788 49
789 17
790 98
791 28
792 98
793 10
794 3
795 87
796 62
797 15
798 19
799 34
800 38
801 44
802 36
803 20
804 7
805 51
806 26
807 39
808 35
809 51
810 60
811 54
812 78
813 23
814 21
815 7
816 35
817 27
818 90
819 72
820 85
821 83
822 23
823 33
824 69
825 1
826 87
827 48
828 21
829 29
830 36
831 50
832 13
833 84
834 76
835 13
836 30
837 93
838 87
839 24
840 25
841 53
842 90
843 82
844 91
845 47
846 58
847 43
848 40
849 7
850 18
851 61
852 64
853 27
854 49
855 99
856 86
857 11
858 88
859 61
860 8
861 27
862 16
863 23
864 68
865 85
866 9
867 0
868 6
869 57
870 88
871 36
872 35
873 21
874 51
875 97
876 14
877 40
878 2
879 99
880 14
881 30
882 5
883 27
884 47
885 39
886 13
887 98
888 69
889 45
890 93
891 11
892 28
893 70
894 63
895 98
896 2
897 3
898 19
899 34
900 36
901 82
902 12
903 66
904 12
905 98
906 1
907 68
908 99
909 44
910 68
911 74
912 52
913 8
914 51
915 49
916 93
917 19
918 87
919 64
920 26
921 3
922 42
923 99
924 60
925 93
926 72
927 71
928 43
929 26
930 55
931 29
932 52
933 9
934 36
935 54
936 90
937 74
938 54
939 57
940 27
941 35
942 14
943 37
944 4
945 4
946 96
947 15
948 47
949 21
950 10
951 12
952 17
953 65
954 28
955 51
956 48
957 20
958 56
959 41
960 82
961 49
962 83
963 54
964 77
965 88
966 80
967 9
968 79
969 75
970 73
971 98
972 22
973 92
974 61
975 11
976 60
977 76
978 89
979 81
980 8
981 11
982 15
983 16
984 34
985 79
986 53
987 57
988 89
989 79
990 83
991 53
992 29
993 81
994 93
995 74
996 99
997 21
998 35
999 39
1000 77
